9:00 [1]
9:05 [2]
9:10 [3]
9:15 [4, 5, 6]
9:20 [1, 7, 8]
9:25 [2]
9:30 [3, 9]
9:35 [4]
9:40 [1, 7]
9:45 [2, 5]
9:50 [3]
9:55 [4, 6]
10:00 [1]
10:05 [2, 5, 8, 9]
10:10 [3, 7, 10, 11]
10:15 [4, 6]
10:20 [1, 12]
10:25 [2, 5]
10:30 [3]
10:35 [4, 6, 8]
10:40 [1, 12, 7]
10:45 [2, 5]
10:50 [3]
10:55 [4]
11:00 [1, 12, 7]
11:05 [2, 5, 6]
11:10 [3]
11:15 [4, 8, 9, 11]
11:20 [1, 12]
11:25 [2, 5]
11:30 [3, 7, 10]
11:35 [4, 8]
11:40 []
11:45 [2, 5, 9, 11]
11:50 [3, 7, 10]
11:55 [4, 8, 6]
12:00 [1]
12:05 [2, 5, 9, 11]
12:10 [3, 7]
12:15 [4]
12:20 [1, 10, 12]
12:25 [2, 5, 9, 11]
12:30 [3, 7]
12:35 [4, 8, 6]
12:40 [1]
12:45 [2]
12:50 [3, 7, 10, 12]
12:55 [4, 8]
13:00 [1, 11, 9]
13:05 [2, 6, 5]
13:10 [3, 7, 10]
13:15 [4]
13:20 [1, 11, 9, 12]
13:25 [2, 6, 5]
13:30 [3, 7, 10]
13:35 [4, 8]
13:40 [1, 11, 9]
13:45 [2, 6, 5, 12]
13:50 [3, 7, 10]
13:55 [4, 8, 13, 14]
14:00 [1, 11, 9]
14:05 [2]
14:10 [3, 7, 10]
14:15 [4, 8]
14:20 [1, 11]
14:25 [2, 13, 14]
14:30 [3]
14:35 [4, 8, 6, 5]
14:40 [1]
14:45 [2, 13]
14:50 [3, 11, 7, 10]
14:55 [4, 8, 6, 5]
15:00 [1, 9]
15:05 [2]
15:10 [3, 11]
15:15 [4, 8, 6]
15:20 [1]
15:25 [2]
15:30 [3, 11, 9]
15:35 [4]
15:40 [1]
15:45 [2, 8, 6]
15:50 [3, 11, 9, 7]
15:55 [4, 5, 13]
16:00 [1, 10, 12, 14]
16:05 [2]
16:10 [3, 11]
16:15 [4, 5, 13, 8]
16:20 [1, 10, 12, 14]
16:25 [2, 6, 7, 9]
16:30 [3]
16:35 [4, 5, 13]
16:40 [1]
16:45 [2, 6, 7]
16:50 [3]
16:55 [4, 5]
17:00 [1, 10, 12]
17:05 [2, 6, 7, 13]
17:10 [3, 14, 11, 8]
17:15 [4, 5, 9, 15]
17:20 [1, 10]
17:25 [2, 6, 7, 13]
17:30 [3, 14, 11]
17:35 [4, 5, 9]
17:40 [1, 10, 8]
17:45 [2]
17:50 [3, 14]
17:55 [4, 5]
